1,1,25-09-2026,1327.65,0
2,2,25-09-2026,381.90,0
3,3,26-09-2026,545.08,0
4,4,26-09-2026,1131.25,0
5,5,24-09-2026,247.00,0
6,6,24-09-2026,125.00,0
7,7,23-09-2026,450.00,0
8,8,23-09-2026,1602.30,0
9,9,26-09-2026,168.75,0
10,10,25-09-2026,126.35,0
11,11,25-09-2026,351.00,0
12,12,24-09-2026,313.20,0
13,13,25-09-2026,1733.30,0
14,14,24-09-2026,520.30,0
15,15,22-09-2026,215.28,0
16,16,23-09-2026,534.05,0
17,17,25-09-2026,119.34,0
18,18,25-09-2026,105.00,0
19,19,25-09-2026,137.00,0
20,20,25-09-2026,383.00,0
21,21,26-09-2026,615.00,0
